00000000000000000000000000000000000000000000000000000000000000000000000000000000000000000000000000000000000000000000000000000000
00000000000000000000000000000000000000000000000000000000000000000000000000000000000000000000000000000000000000000000000000000000
00000000000000000000000000000000000000000000000000000000000000000000000000000000000000000000000000000000000000000000000000000000
00000000000000000000000000000000000000000000000000000000000000000000000000000000000000000000000000000000000000000000000000000000
00000000000000000000000000000000000000000000000000000000000000000000000000000000000000000000000000000000000000000000000000000000
00000000000000000000000000000000000000000000000000000000000000000000000000000000000000000000000000000000000000000000000000000000
00000000000000000000000000000000000000000000000000000000000000000000000000000000000000000000000000000000000000000000000000000000
00000000000000000000000000000000000000000000000000000000000000000000000000000000000000000000000000000000000000000000000000000000
00000000000000000000000000000000000000000000000000000000000000000000000000000000000000000000000000000000000000000000000000000000
00000000000000000000000000000000000000000000000000000000000000000000000000000000000000000000000000000000000000000000000000000000
00000000000000000000000000000000000000000000000000000000000000000000000000000000000000000000000000000000000000000000000000000000
00000000000000000000000000000000000000000000000000000000000000010000000000000000000000000000000000000000000000000000000000000000
00000000000000000000000000000000000000000000000000000000000000011000000000000000000000000000000000000000000000000000000000000000
00000000000000000000000000000000000000000000000000000000000000111000000000000000000000000000000000000000000000000000000000000000
00000000000000000000000000000000000000000000000000000000000001111100000000000000000000000000000000000000000000000000000000000000
00000000000000000000000000000000000000000000000000000000000001111110000000000000000000000000000000000000000000000000000000000000
00000000000000000000000000000000000000000000000000000000000011111110000000000000000000000000000000000000000000000000000000000000
00000000000000000000000000000000000000000000000000000000000011111111000000000000000000000000000000000000000000000000000000000000
00000000000000000000000000000000000000000000000000000000000111111111100000000000000000000000000000000000000000000000000000000000
00000000000000000000000000000000000000000000000000000000001111111111110000000000000000000000000000000000000000000000000000000000
00000000000000000000000000000000000000000000000000000000011111111111111000000000000000000000000000000000000000000000000000000000
00000000000000000000000000000000000000000000000000000000111111111111111100000000000000000000000000000000000000000000000000000000
00000000000000000000000000000000000000000100000000000001111111111111111110000000000000000000000000000000000000000000000000000000
00000000000000000000000000000000000000010000000000000111111111111111111111000000000000011000000000000000000000000000000000000000
00000000000000000000000000000000000001100000000000001111111111111111111111110000000000001100000000000000000000000000000000000000
00000000000000000000000000000000000011100000000000011111111111111111111111110000000000000110000000000000000000000000000000000000
00000000000000000000000000000000000111100000000001111111111111111111111111111110000000000111100000000000000000000000000000000000
00000000000000000000000000000000001111000000000111111111111111111111111111111111000000000011110000000000000000000000000000000000
00000000000000000000000000000000011111000000011111111111111111111111111111111111110000000011111000000000000000000000000000000000
00000000000000000000000000000000111111000000111111111111111111111111111111111111111100000011111000000000000000000000000000000000
00000000000000000000000000000001111110000011111111111111111111101111111111111111111111000011111100000000000000000000000000000000
00000000000000000000000000000001111110011111111111111111111111100111111111111111111111110011111110000000000000000000000000000000
00000000000000000000000000000011111110111111111111111111111111000111111111111111111111111101111111000000000000000000000000000000
00000000000000000000000000000011111110111111111111111111111111000111111111111111111111111101111111000000000000000000000000000000
00000000000000000000000000000111111111111111111111111111111110000011111111111111111111111111111111100000000000000000000000000000
00000000000000000000000000001111111111111111111111111111111110000011111111111111111111111111111111110000000000000000000000000000
00000000000000000000000000011111111111111111111111111111111110000011111111111111111111111111111111110000000000000000000000000000
00000000000000000000000000011111111111111111111111111111111110000011111111111111111111111111111111110000000000000000000000000000
00000000000000000000000000011111111111111111111111111111111110000011111111111111111111111111111111111000000000000000000000000000
00000000000000000000000000011111111111111111111111111111111110000011111111111111111111111111111111111000000000000000000000000000
00000000000000000000000000111111111111111111111111111111111110000011111111111111111111111111111111111000000000000000000000000000
00000000000000000000000000111111111111111111111111111111111110000011111111111111111111111111111111111000000000000000000000000000
00000000000000000000000000111111111111111111111111111111111110000011111111111111111111111111111111111000000000000000000000000000
00000000000000000000000000111111111111111111111111111111111111000011111111111111111111111111111111111000000000000000000000000000
00000000000000000000000000111111111111111111111111111111111111000011111111111111111111111111111111111000000000000000000000000000
00000000000000000000000000111111111111111111111111111111111111000011111111111111111111111111111111111000000000000000000000000000
00000000000000000000000000011111111111111111111111111111111111000011111111111111111111111111111111111000000000000000000000000000
00000000000000000000000000011111111111111111111111111111111111000011111111111111111111111111111111111000000000000000000000000000
00000000000000000000000000011111111111111111111111111111111111000011111111111111111111110111111111111000000000000000000000000000
00000000000000000000000000011111111111111111111111111111111111000111111111111111111111111111111111110000000000000000000000000000
00000000000000000000000000011111111111011111111111111111111111000111111111111111111111111111111111110000000000000000000000000000
00000000000000000000000000001111111111011100000011111111111111000111111111111111000001111011111111110000000000000000000000000000
00000000000000000000000000001111111111011100000001111111111111000111111111111110000000111011111111100000000000000000000000000000
00000000000000000000000000000111111110011100000000111111111111000111111111111000000000111011111111100000000000000000000000000000
00000000000000000000000000000111111110011000000000011111111111000111111111111000000000111011111111000000000000000000000000000000
00000000000000000000000000000011111110011000000000011111111111000111111111110000000000111001111111000000000000000000000000000000
00000000000000000000000000000011111100011000000111001111111111000111111111110011100000111001111110000000000000000000000000000000
00000000000000000000000000000001111100011000001111101111111111000111111111100111110000111001111110000000000000000000000000000000
00000000000000000000000000000001111100011000001111100111111111000111111111101111110000111001111110000000000000000000000000000000
00000000000000000000000000000000111100011000011111110111111111000111111111101111110000111000111100000000000000000000000000000000
00000000000000000000000000000000111100011100011111110011111111000111111111011111110000111000111100000000000000000000000000000000
00000000000000000000000000000000111100011100011100111011111111000111111110011000110000110000111000000000000000000000000000000000
00000000000000000000000000000000011100011100001100111001111111000111111110011000110000110000111000000000000000000000000000000000
00000000000000000000000000000000011100001100001110111001111111000111111110011101110001110001110000000000000000000000000000000000
00000000000000000000000000000000001100001110001111110001111111000111111110011111100001110001110000000000000000000000000000000000
00000000000000000000000000000000001100001111000111110001111111000111111100001111000011100001110000000000000000000000000000000000
00000000000000000000000000000000001110001111000011100001111111000111111100001111000111100001100000000000000000000000000000000000
00000000000000000000000000000000000110000111110000000000111111000111111100000000011111100011100000000000000000000000000000000000
00000000000000000000000000000000000111000111111100000000111111000111111100000000111111000011100000000000000000000000000000000000
00000000000000000000000000000000000111000011111111110000111110000011111100001111111111000011100000000000000000000000000000000000
00000000000000000000000000000000000111000011111111111111111110000001111111111111111111000011100000000000000000000000000000000000
00000000000000000000000000000000000111000011111111111111111100000000111111111111111111000011100000000000000000000000000000000000
00000000000000000000000000000000000111000011111111111111111000000000111111111111111111000111000000000000000000000000000000000000
00000000000000000000000011111110000111100011111111111111111000000000011111111111111110000111000001111111000000000000000000000000
00000000000000000000000111111111000111100011111111111111111000000000011111111111111110000111000011111111000000000000000000000000
00000000000000000000000011111111100111100001111111111111110000000000011111111111111110000111000111111110000000000000000000000000
00000000000000000000000000011111110111100001111111111111110000000000001111111111111110000111001111111000000000000000000000000000
00000000000000000000000000001111111111100001111111111111110000000000001111111111111110000111111111110000000000000000000000000000
00000000000000000000000000001111111111110001111111111111100000000000001111111111111110001111111111110000000000000000000000000000
00000000000000000000000000000111111111111001001111111111110000000000001111111111110100111111111111100000000000000000000000000000
00000000000000000000000000000111111111111101001111111111111000000000011111111111100001111111111111000000000000000000000000000000
00000000000000000000000000000011111111111110000111111111111100000001111111111111100001111111111111000000000000000000000000000000
00000000000000000000000000000011111111111110000111111111111111111111111111111111100001111111111110000000000000000000000000000000
00000000000000000000000000000001111111111110000111111111111111111111111111111111100001111111111110000000000000000000000000000000
00000000000000000000000000000001111111111110000111101111111111111111111111111111000001111111111100000000000000000000000000000000
00000000000000000000000000000000111111111110000111101111111111111111111111101111000001111111111100000000000000000000000000000000
00000000000000000000000000000000111111111111000011100001111111100111111110000111000011111111111000000000000000000000000000000000
00000000000000000000000000000000011111111111000011100001111111000111111100000111000111111111110000000000000000000000000000000000
00000000000000000000000000000000001111111111110011100000111110000001111100000111001111111111110000000000000000000000000000000000
00000000000000000000000000000000000111111111110011100000111100000001111000000111001111111111100000000000000000000000000000000000
00000000000000000000000000000000000111111111110011100000011100000000111000000111001111111111000000000000000000000000000000000000
00000000000000000000000000000000000011111111110011100000011100000000111000000111001111111111000000000000000000000000000000000000
00000000000000000000000000000000000000111111111011100000011100000000110000000111011111111100000000000000000000000000000000000000
00000000000000000000000000000000000000001111111111100000001100000000110000000111111111110000000000000000000000000000000000000000
00000000000000000000000000000000000000000011111111100000001000000000100000000111111111000000000000000000000000000000000000000000
00000000000000000000000000000000000000000011111111100000001000000000100000001111111110000000000000000000000000000000000000000000
00000000000000000000000000000000000000000000111111110000000000000000100000001111111100000000000000000000000000000000000000000000
00000000000000000000000000000000000000000000011111110000000000000000000000011111111000000000000000000000000000000000000000000000
00000000000000000000000000000000000000000000001111110000000000000000000000011111110000000000000000000000000000000000000000000000
00000000000000000000000000000000000000000000000111110000000011111111000000011111100000000000000000000000000000000000000000000000
00000000000000000000000000000000000000000000000011110000000011111111000010011111000000000000000000000000000000000000000000000000
00000000000000000000000000000000000000000000000011110000000011111111000010011110000000000000000000000000000000000000000000000000
00000000000000000000000000000000000000000000000001110011000111111111000010011100000000000000000000000000000000000000000000000000
00000000000000000000000000000000000000000000000000111111000111111111100011011100000000000000000000000000000000000000000000000000
00000000000000000000000000000000000000000000000000011111000111111111100011111000000000000000000000000000000000000000000000000000
00000000000000000000000000000000000000000000000000001111111111111111111111110000000000000000000000000000000000000000000000000000
00000000000000000000000000000000000000000000000000001111111111111111111111110000000000000000000000000000000000000000000000000000
00000000000000000000000000000000000000000000000000001111111111111111111111100000000000000000000000000000000000000000000000000000
00000000000000000000000000000000000000000000000000000111111111111111111111100000000000000000000000000000000000000000000000000000
00000000000000000000000000000000000000000000000000000111111111111111111111000000000000000000000000000000000000000000000000000000
00000000000000000000000000000000000000000000000000000011111111111111111110000000000000000000000000000000000000000000000000000000
00000000000000000000000000000000000000000000000000000001111111111111111110000000000000000000000000000000000000000000000000000000
00000000000000000000000000000000000000000000000000000001111111111111111100000000000000000000000000000000000000000000000000000000
00000000000000000000000000000000000000000000000000000000111111111111111100000000000000000000000000000000000000000000000000000000
00000000000000000000000000000000000000000000000000000000111111111111111100000000000000000000000000000000000000000000000000000000
00000000000000000000000000000000000000000000000000000000000000000000000000000000000000000000000000000000000000000000000000000000
00000000000000000000000000000000000000000000000000000000000000000000000000000000000000000000000000000000000000000000000000000000
00000000000000000000000000000000000000000000000000000000000000000000000000000000000000000000000000000000000000000000000000000000
00000000000000000000000000000000000000000000000000000000000000000000000000000000000000000000000000000000000000000000000000000000
00000000000000000000000000000000000000000000000000000000000000000000000000000000000000000000000000000000000000000000000000000000
00000000000000000000000000000000000000000000000000000000000000000000000000000000000000000000000000000000000000000000000000000000
00000000000000000000000000000000000000000000000000000000000000000000000000000000000000000000000000000000000000000000000000000000
00000000000000000000000000000000000000000000000000000000000000000000000000000000000000000000000000000000000000000000000000000000
00000000000000000000000000000000000000000000000000000000000000000000000000000000000000000000000000000000000000000000000000000000
00000000000000000000000000000000000000000000000000000000000000000000000000000000000000000000000000000000000000000000000000000000
00000000000000000000000000000000000000000000000000000000000000000000000000000000000000000000000000000000000000000000000000000000
00000000000000000000000000000000000000000000000000000000000000000000000000000000000000000000000000000000000000000000000000000000
00000000000000000000000000000000000000000000000000000000000000000000000000000000000000000000000000000000000000000000000000000000
100001111110000
000011111100001
0010001110111110111000100
0111011111111111111101110
1111111111111111111111111111111111111111111111111111111111111111111111111111111111111111111111111111111111111111111111111111111111111111111111111111111111111111111111111111111111111111111111111111111111111111111111111111